92.11    ---- scattering factors ----
    5
h      1    1.008   .320         1.33
h           .48992  20.65930    .26200   7.74039    .19677  49.55190
h           .04988   2.20159    .00130
h           .00000    .00000    .38000
h           .00000    .00000    .43500
he     2    4.0026  .93          1.5
he         0.87340   9.10370   0.63090   3.35680  0.311200  22.9276
he         0.17800  0.982100   0.00640
he          .00000    .00000   0.20700
he          .00000    .00000   0.38300
li     3    6.939   0.60        1.78
li         1.12820   3.95460   0.75080   1.05240   0.617500  85.3905
li         0.46530 168.261     0.03770
li          .00000    .00000    .21700
li          .00100    .00000    .71600
be     4    9.0122  0.31         1.45
be         1.59190  43.6427    1.12780   1.86230   0.539100  103.483
be         0.70290   0.54200   0.03850
be          .00000    .00000    .29800
be          .00300    .00100   1.50000
b      5   10.811   .820         1.93
b          2.05450  23.21851   1.33260   1.02100   1.09790  60.34979
b           .70680    .14030   -.19320
b           .00000    .00100    .39200
b           .00800    .00400   2.39000
c      6   12.011   .770         1.70
c          2.31000  20.84390   1.02000  10.20750   1.58860    .56870
c           .86500  51.65120    .21560
c           .00200    .00200    .62500
c           .01700    .00900   4.60000
n      7   14.007   .750         1.70
n         12.21260    .00570   3.13220   9.89330   2.01250  28.99750
n          1.16630    .58260 -11.52900
n           .00400    .00300    .91600
n           .02900    .01800   7.52000
o      8   15.999   .730       1.50
o          3.04850  13.27710   2.28680   5.70110   1.54630    .32390
o           .86700  32.90891    .25080
o           .00800    .00600   1.31000
o           .04700    .03200  11.50000
f      9   18.998   .720       1.47
f          3.53920  10.28250   2.64120   4.29440   1.51700    .26150
f          1.02430  26.14760    .27760
f           .01400    .01000   1.80000
f           .06900    .05300  16.40000
ne    10   20.183   .710         1.50
ne         3.95530   8.40420   3.11250   3.42620   1.45460  0.230600
ne         1.12510  21.7184   0.351500
ne          .02100    .01600   2.47000
ne          .09700    .08300  22.90000
na    11   22.990  1.400         2.07
na         4.76260   3.28500   3.17360   8.84220   1.26740    .31360
na         1.11280 129.42400    .67600
na          .03000    .02500   3.21000
na          .12900    .12400  30.10000
mg    12   24.312  0.650         2.20
mg         5.42040   2.82750   2.17350  79.2611    1.22690  0.380800
mg         2.30730   7.19370  0.858400
mg          .04200    .03600   4.11000
mg          .16500    .17700  38.60000
al    13   26.9815 1.180        2.45
al         6.42020   3.03870   1.90020   0.74260  1.59360   31.54720
al         1.96460  85.0886    1.11510
al         0.05600   0.05200   5.16000
al         0.20400   0.24600  48.60000
si    14   28.086  0.950        2.30
si         6.29150   2.43860   3.03530  32.33369   1.98910    .67850
si         1.54100  81.69370   1.14070
si          .07200    .71000   6.44000
si          .24400    .33000  60.60000
p     15   30.974  1.060        2.15
p          6.43450   1.90670   4.17910  27.15700   1.78000    .52600
p          1.49080  68.16451   1.11490
p           .09000    .09500   7.89000
p           .28300    .43400  74.10000
s     16   32.064  1.020       1.74
s          6.90530   1.46790   5.20340  22.21510   1.43790    .25360
s          1.58630  56.17200    .86690
s           .11000    .12400   9.55000
s           .31900    .55700  89.10000
cl    17   35.453   .990       1.76
cl        11.46040    .01040   7.19640   1.16620   6.25560  18.51939
cl         1.64550  47.77840  -9.55740
cl          .13200    .15900  11.40000
cl          .34800    .70200  106.0000
ar    18   39.948   .980        2.00
ar         7.48450  0.907200   6.77230  14.8407   0.653900  43.8983
ar         1.64420  33.3929    1.44450
ar          .15500  .20100     13.50000
ar          .36600  .87200    123
k     19   39.102  1.330         2.43
k          8.21860  12.79490   7.43980    .77480   1.05190 213.18700
k           .86590  41.68410   1.42280
k           .17900    .25000  84.89999
k           .36500   1.06600  143.0000
ca    20   40.080  1.400         2.09
ca        15.63480   -.00740   7.95180    .60890   8.43720  10.31160
ca          .85370  25.99049 -14.87500
ca          .20300    .30600  18.30000
ca          .34100   1.28600  162.0000
sc    21   44.956    0.81        2.54
sc          9.18900   9.02130   7.36790 0.572900   1.64090 136.108
sc          1.46800  51.3531    1.33290
sc          .22600    .37200   21.10000
sc          .28500   1.53300  184.00000
ti    22   47.900  0.900          2.57
ti         9.75950   7.85080   7.35580    .50000   1.69910 35.63380
ti         1.90210 116.10500   1.28070
ti          .24800    .44600  24.20000
ti          .18900   1.80700  208.0000
v     23   50.942  1.220        2.43
v          10.2971   6.86570   7.35110  0.438500   2.07030  26.8938
v          2.05710 102.478     1.21990
v           .26700    .53000  27.50000
v           .03500   2.11000 233.00000
cr    24   51.996  1.180       2.45
cr        10.64060   6.10380   7.35370    .39200   3.3240  20.26260
cr         1.49220  98.73990   1.18320
cr          .28400    .62400  31.10001
cr         -.19800   2.44300  260.0000
mn    25  54.938   1.170        2.45
mn        11.2819    5.34090   7.35730  0.343200  3.01930  17.8674
mn         2.24410  83.7543    1.08960
mn          .29500    .72900  34.70000
mn        -0.56800   2.80800 285.00000
fe    26   55.847  1.170        2.44
fe        11.76950   4.76110   7.35730    .30720   3.52220  15.35350
fe         2.30450  76.88049   1.03690
fe          .30100    .84500  38.50000
fe        -1.17900   3.20400  308.0000
co    27   58.933  1.160       2.43
co        12.28410   4.27910   7.34090    .27840   4.00340  13.53590
co         2.34880  71.16920   1.01180
co          .29900    .97300  42.50000
co        -2.46400   3.60800  313.0000
ni    28   58.710  1.150        2.60
ni        12.83760   3.87850   7.29200    .25650   4.44380  12.17630
ni         2.38000  66.34210   1.03410
ni          .28500   1.11300  46.60001
ni        -2.95600    .50900  45.70000
cu    29   63.540  1.170         2.62
cu        13.33800   3.58280   7.16760    .24700   5.61580  11.39660
cu         1.67350  64.81261   1.19100
cu          .26300   1.26600  50.89999
cu        -2.01900    .58900  52.90000
zn    30   65.370  1.250         2.55
zn        14.67440   3.71486   5.62816    .50033   3.92540  12.88620
zn         2.16398  65.40710   3.59838
zn        -1.73000   1.43100  55.39999
zn        -1.61200    .67800  60.30000
ga    31   69.720  1.260        2.32
ga        15.23540   3.06690   6.70060    .24120   4.35910  10.78050
ga         2.96230  61.41350   1.71890
ga          .16300   1.60900  60.10001
ga        -1.35400   0.77700  67.90000
ge    32   72.590  1.220        2.27
ge        16.0816    2.85090   6.37470  0.251600   3.70680  11.4468
ge         3.68300  54.7625    2.13130
ge          .08100   1.80100  64.80000
ge        -1.16300    .88600  75.60000
as    33   74.922  1.200        2.11
as        16.67230   2.63450   6.07010    .26470   3.43130  12.94790
as         4.27790  47.79720   2.53100
as         -.03000   2.00700  69.70000
as        -1.01100   1.00600  83.40000
se    34   78.960  1.160       2.32
se        15.53720   2.71530   5.98288    .68962   4.83996  21.00790
se         2.93549  52.43080   4.70026
se         -.02000   2.22300  74.70000
se         -.87900   1.13900  91.40000
br    35   79.909  1.140       1.85
br        17.17889   2.17230   5.23580  16.57961   5.63770    .26090
br         3.98510  41.43280   2.95570
br         -.37400   2.45600  79.80000
br         -.76700   1.28300  99.60000
kr    36   83.800  1.120       2.50
kr        17.3555    1.93840  6.72860   16.5623    5.54930    .22610
kr        3.53750   39.3972   2.85500
kr         -.65200   2.71300  84.9000
kr         -.66500   1.43900 108.0000
rb    37   85.470  1.480       2.57
rb        17.17841   1.78880   9.64350  17.31509   5.13990    .27480
rb         1.52920 164.93401   3.48730
rb        -1.04400   2.97300  90.00000
rb         -.57400   1.60800  117.0000
sr    38   87.620  1.130        2.22
sr        17.5663    1.55640   9.81840  14.0988    5.42200   0.166400
sr        2.66940  132.376     2.50640
sr        -1.65700   3.26400  95.00000
sr         -.46500   1.82000 125.00000
y     39   88.905  0.930       2.88
y         17.7760    1.40290  10.2946   12.8006    5.72629   0.125599
y          3.26588   104.354   1.91213
y         -2.95100   3.54200 100.00000
y          -.38600   2.02500 134.00000
zr    40   91.220  0.800       2.66
zr        17.8765    1.27618  10.9480   11.9160    5.41732   0.117622
zr        3.65721    87.6627   2.06929
zr        -2.96500    .56000  15.90000
zr         -.31400   2.24500 143.00000
nb    41   92.906  1.340        2.58
nb        17.6142    1.18865  12.0144   11.7660    4.04183   0.204785
nb         3.53346  69.7957    3.75591
nb       -2.19700     .62100  17.10000
nb         -.24800   2.48200 153.00000
mo    42   95.940  1.300       2.57
mo        19.38850    .97877  11.83080  10.08850   3.75919  31.97380
mo         1.46772 117.93201   5.55047
mo        -1.79000    .68800  18.39999
mo         -.19100   2.73500  162.0000
tc    43   98      1.27        2.45
tc        19.1301   0.864132  11.0948    8.14487   4.64901   21.5707
tc         2.71263  86.8472    5.40428
tc        -1.59000    .75900  19.70000
tc         -.14500   3.00500 172.00000
ru    44  101.070  1.250       2.50
ru        19.26740    .80852  12.91820   8.43467   4.86337  24.79970
ru         1.56756  94.29280   5.37874
ru        -1.42000    .83600  21.10001
ru         -.10500   3.29600  183.0000
rh    45  102.905  1.250       2.55
rh        19.29570    .75154  14.35010   8.21758   4.73425  25.87489
rh         1.28918  98.60620   5.32800
rh        -1.28700    .91900  22.60001
rh         -.07700   3.60500  194.0000
pd    46  106.400  1.280       2.60
pd        19.33189    .69866  15.50170   7.98929   5.29537  25.20520
pd          .60584  76.89861   5.26593
pd        -1.17700   1.00700  24.10001
pd         -.05900   3.93400  206.0000
ag    47  107.870  1.340        2.69
ag        19.28081    .64460  16.68851   7.47260   4.80450  24.66051
ag         1.04630  99.81560   5.17900
ag        -1.08500   1.10100  25.80000
ag        -0.06000   4.28200   218.000
cd    48  112.400  1.480        2.79
cd        19.22141    .59460  17.64439   6.90890   4.46100  24.70081
cd         1.60290  87.48250   5.06940
cd        -1.00500   1.20200  27.50000
cd        -0.07900   4.65300  231.0000
in    49  114.820  1.440        2.73
in        19.1624   0.547600  18.5596    6.37760  4.29480   25.8499
in         2.03960   92.8029   4.93910
in         -.93600   1.31000  29.30000
in         -.12600   5.04500 243.00000
sn    50  118.690  1.410        2.56
sn        19.10941    .50360  19.05479   5.83780   4.56480  23.37520
sn          .48700  62.20610   4.78610
sn         -.87300   1.42400  31.10001
sn         -.19400   5.45900  256.0000
sb    51  121.75   1.400        2.56
sb        19.6418    5.30340   19.0455  0.460700   5.03710  27.9074
sb        2.68270   75.2825    4.59090
sb         -.81600   1.54600  33.10000
sb         -.28700   5.89400 270.00000
te    52  127.60   1.360        2.57
te        19.9644    4.81742  19.0138   0.420885  6.14487   28.5284
te         2.52390   70.8403   4.35200
te         -.77200   1.67500  35.00000
te         -.41800   6.35200 288.00000
i     53  126.904  1.330       1.98
i         20.14720   4.34700  18.99490    .38140   7.51380  27.76601
i          2.27350  66.87759   4.07120
i          -.72600   1.81200  37.10001
i          -.57900   6.83500  294.0000
xe    54  131.30   1.310       2.50
xe        20.2933    3.92820  19.0298   0.344000   8.97670  26.4659
xe        1.99000   64.2658    3.71180
xe         -.68400   1.95800  39.20000
xe         -.78300   7.34800 306.00000
cs    55  132.905  1.690       2.77
cs        20.3892    3.56900  19.1062   0.310700  10.6620   24.3879
cs        1.49530  213.904     3.33520
cs         -.64400   2.11900  41.30000
cs        -1.02200   7.90400 318.00000
ba    56  137.34    1.350      2.44
ba        20.3361    3.21600  19.2970   0.275600  10.8880   20.2073
ba        2.69590  167.202     2.77310
ba         -.61300   2.28200  43.50000
ba        -1.33400   8.46000 330.00000
la    57  138.910  1.690       2.97
la        20.57800   2.94817  19.59900    .24448  11.37270  18.77260
la         3.28719 133.12399   2.14678
la         -.58800   2.45200  45.80000
la        -1.71600   9.03600  341.0000
ce    58  140.120  1.650       2.93
ce        21.1671    2.81219  19.7695    0.226836 11.8513   17.6083
ce        3.33049  127.113     1.86264
ce         -.56400   2.63200  48.20000
ce        -2.17000   9.64800 352.00000
pr    59  140.907  1.500       2.92
pr         22.0440    2.77393  19.6697    0.222087 12.3856   16.7669
pr         2.82428 143.644     2.05830
pr         -.53000   2.84500  50.70000
pr        -2.93900  10.53500 363.00000
nd    60  144.24   1.640       2.91
nd        22.6845    2.66248  19.6847    0.210628 12.7740   15.8850
nd         2.85137 137.903     1.98486
nd         -.53500   3.01800  53.20000
nd        -3.43100  10.93300 374.00000
pm    61  147      1.630       2.90
pm        23.3405    2.56270  19.6095    0.202088 13.1235   15.1009
pm         2.87516 132.721     2.02876
pm         -.53000   3.22500  55.90000
pm        -4.35700  11.61400 386.00000
sm    62  150.35   1.620      2.90
sm        24.0042    2.47274  19.4258    0.196451 13.4396   14.3996
sm         2.89604 128.007     2.20963
sm         -.53300   3.44200  58.60000
sm        -5.69600  12.32000 397.00000
eu    63  151.96   1.850      2.90
eu        24.6274    2.38790  19.0886    0.194200 13.7603   13.7546
eu         2.92270 123.174     2.57450
eu         -.54200   3.66900  61.50000
eu        -7.71800  11.27600  00.00000
gd    64  157.25   1.610       2.89
gd        25.0709    2.25341  19.0798    0.181951 13.8518   12.9331
gd         3.54545 101.398     2.41960
gd         -.56400   3.90400  64.40000
gd        -9.24200  11.94600  00.00000
tb    65  158.924  1.590       2.86
tb        25.8976    2.24256  18.2185    0.196143 14.3167   12.6648
tb        2.95354  115.362     3.58224
tb         -.59100   4.15100  67.50000
tb        -9.49800   9.24200  00.00000
dy    66  162.50   1.590       2.85
dy        26.5070    2.18020   17.6383   0.202172 14.5596   12.1899
dy        2.96577  111.874      4.29728
dy         -.61900   4.41000   70.60000
dy       -10.42300   9.74800   00.00000
ho    67  164.93   1.580       2.84
ho        26.9049    2.07051   17.2940   0.197940 14.5583   11.4407
ho         3.63837  92.6566     4.56796
ho         -.66600   4.67800   73.90000
ho       -12.25500   3.70400  128.00000
er    68  167.26   1.570       2.83
er        27.6563    2.07356   16.4285   0.223545 14.9779   11.3604
er         2.98233 105.703      5.92046
er         -.72300   4.95800   77.30000
er        -9.73300   3.93700  134.00000
tm    69  168.93   1.560        2.82
tm        28.1819    2.02859   15.8851   0.238849 15.1542  10.9975
tm         2.98706 102.961      6.75621
tm          -.79500  5.24800   80.80000
tm         -8.48800  4.18100  140.00000
yb    70  173.04     1.560      3.04
yb         28.6641   1.98890   15.4345   0.257119 15.3087  10.6647
yb         2.98963 100.417      7.56672
yb          -.88400  5.54800   84.50000
yb         -7.70100  4.43200  146.00000
lu    71  174.97   1.560        2.82
lu         28.9476   1.90182   15.2208   9.98519 15.1000  0.261033
lu         3.71601  84.3298     7.97628
lu          -.98800  5.85800   88.20000
lu         -7.13300  4.69300  153.00000
hf    72  178.49   1.440        2.67
hf         29.1440   1.83262   15.1726   9.59990 14.7586  0.275116
hf         4.30013  72.0290     8.58154
hf         -1.11800  6.18500   91.70000
hf         -6.71500  4.97700  159.00000
ta    73  180.95   1.340        2.53
ta         29.2024   1.77333   15.2293   9.37046 14.5135  0.295977
ta          4.76492 63.3644     9.24354
ta         -1.25800  6.52300   95.40000
ta         -6.35100  5.27100  166.00000
w     74  183.85   1.300        2.47
w          29.0818   1.72029   15.4300   9.22590 14.4327  0.321703
w          5.11982  57.0560     9.88750
w          -1.42100  6.87200   99.10000
w          -6.04800  5.57700  172.00000
re    75  186.20   1.280        2.45
re         28.7621   1.67191   15.7189   9.09227 14.5564  0.350500
re         5.44174  52.0861    10.4720
re         -1.59800  7.23200  103.0000
re         -5.79000  5.89100  179.0000
os    76  190.20   1.260        2.47
os         28.1894   1.62903   16.1550   8.97948 14.9305  0.382661
os         5.67589  48.1647    11.0005
os         -1.81600  7.60500  106.0000
os         -5.58100  6.22100  186.0000
ir    77  192.200  1.270        2.42
ir        27.30490   1.59279  16.72960   8.86553  15.61150    .41792
ir         5.83377  45.00110  11.47220
ir        -2.06600   7.99000 110.00000
ir        -5.39100   6.56600 193.00000
pt    78  195.090  1.300       2.60
pt        27.00591   1.51293  17.76390   8.81174  15.71310    .42459
pt         5.78370  38.61031  11.68830
pt        -2.35200   8.38800 113.00000
pt        -5.23300   6.92500 200.00000
au    79  196.97   1.340       2.60
au        16.8819   0.461100   18.5913   8.62160   25.5582   1.48260
au         5.86000   36.3956   12.0658
au        -2.68800   8.79800  115.0000
au        -5.09600   7.29700  208.0000
hg    80  200.590  1.490       2.80
hg        29.56410   1.21152  18.06000   7.05639  12.83740    .28474
hg         6.89912  20.74820  10.62680
hg        -3.08400   9.22300 117.00000
hg        -4.99000   7.68600 216.00000
tl    81  204.37   1.480       2.65
tl        27.5446   0.655150  19.1584    8.70751  15.5380    1.96347
tl         5.52593  45.8149   13.1746
tl        -3.55600   9.65900 119.0000
tl        -4.88300   8.08900 224.0000
pb    82  207.19   1.470       2.64
pb        31.0617   0.690200  13.0637    2.35760  18.4420   8.61800
pb         5.96960  47.2579   13.4118
pb        -4.13300  10.10200 120.0000
pb        -4.81800   8.50500 232.0000
bi    83  208.980  1.460       2.64
bi        33.3689   0.704000  12.9510    2.92380  16.5877   8.79370
bi         6.46920  48.0093   13.5782
bi        -4.86100  10.55900 120.0000
bi        -4.77600   8.93000 240.0000
po    84  210      1.460      2.60
po        34.6726   0.700999 15.4733    3.55078  13.1138   9.55642
po         7.02588  47.0045   13.6770
po        -5.92400  11.04200   0.00000
po        -4.75600   9.38300   0.00000
at    85  210      1.450      2.60
at        35.3163   0.685870  19.0211    3.97458  9.49887 11.3824
at         7.42518  45.4715   13.7108
at        -7.44400   9.96100   0.00000
at        -4.77200   9.84300   0.00000
rn    86  222      1.45       2.60
rn        35.5631   0.663100  21.2816   4.06910 8.00370  14.0422
rn         7.44330 44.2473    13.6905
rn        -8.86200  10.40300   0.00000
rn        -4.78700  10.31700   0.00000
fr    87  223      1.76       3.00
fr        35.9299   0.646453  23.0547   4.17619 12.1439  23.1052
fr         2.11253 150.645    13.7247
fr        -7.91200   7.75400   0.00000
fr        -4.83300  10.80300   0.00000
ra    88   226     1.40       3.00
ra        35.7630   0.616341   22.9064   3.87135 12.4739  19.9887
ra         3.21097 142.325     13.6211
ra        -7.62000   8.10500    0.00000
ra        -4.89800  11.29600    0.00000
ac    89   227     1.18        2.98
ac        35.6597   0.589092   23.1032   3.65155 12.5977  18.5990
ac         4.08655 117.020     13.5266
ac        -7.72500   8.47200    0.00000
ac        -4.99400  11.77900    0.00000
th    90 232.038   1.140       2.89
th        35.5645   0.563359   23.4219   3.46204 12.7473  17.8309
th         4.80703  99.1722    13.4314
th        -8.12700   8.87000    0.00000
th        -5.09100  12.33000    0.00000
pa    91  231      1.12        2.71
pa        35.8847   0.547751   23.2948   3.41519 14.1891  16.9235
pa         4.17287 105.251     13.4287
pa        -8.96000   9.28400    0.00000
pa        -5.216    12.86800    0.00000
u     92  238.03   1.11        2.68
u         36.0228   0.529300   23.4128   3.32530 14.9491  16.0927
u          4.18800 100.613     13.3966
u        -10.67300   9.65400    0.00000
u         -5.35900  13.409      0.00000
np    93  237  1.09000         2.65
np        36.1874   0.511929   23.5964   3.25396 15.6402  15.3622
np        4.18550  97.4908    13.3573
np       -11.15800   4.14800   0.00000
np        -5.52900  13.96700   0.00000
pu    94  242  1.07000         2.43
pu        36.5254   0.499384   23.8083   3.26371 16.7707  14.9455
pu         3.47947 105.980     13.3812
pu        -9.72500   4.33000    0.00000
pu        -5.71200  14.53600    0.00000
am    95  243  1.06000         2.61
am        36.6706   0.483629   24.0992   3.20647 17.3415  14.3136
am         3.49331 102.273     13.3592
am        -8.92600   4.51100    0.00000
am        -5.93000  15.08700    0.00000
cm    96  247  1.10000         2.6
cm        36.6488   0.465154   24.4096   3.08997 17.3990  13.4346
cm         4.21665  88.4834    13.2887
cm        -8.41600   4.69700    0.00000
cm        -6.17600  15.63400    0.00000
bk    97  248  1.10000         2.6
bk        36.7881   0.451018   24.7736   3.04619 17.8919  12.8946
bk         4.23284  86.0030    13.2754
bk        -7.99000   4.90800    0.00000
bk        -6.49800  16.31700    0.00000
cf    98  249  1.10000         2.6
cf        36.9185   0.437533   25.1995   3.00775 18.3317  12.4044
cf         4.24391  83.7881    13.2674
cf        -7.68300   5.10700    0.00000
cf        -6.79800  16.93000    0.00000
b-    -5   10.811   .200       1.93
b-        17.17180   2.20590   6.33380  19.33450   5.57540    .28710
b-         3.72720  58.15350   3.17760
b-         -.37400   2.45600    .39200
b-          .00000    .00000    .00000
