Atom	COVR	GRAR	VDWR	T	ATSYMB	ATWE		R	G	B
1	38	38	117	0.15	H	1.008000	230	230	255
2	1	1	140	0.10	He	4.002600	217	255	255
3	123	123	180	0.10	Li	6.941000	205	126	255
4	89	89	210	0.10	Be	9.012180	197	255	0
5	91	91	210	0.10	B	10.810000	255	183	183
6	77	77	170	0.2	C	12.011000	146	146	146
7	75	75	158	0.15	N	14.006700	100	100	255
8	73	73	152	0.2	O	15.999400	240	0	0
9	71	71	147	0.10	F	18.998400	179	255	255
10	160	160	160	0.10	Ne	20.179001	175	227	244
11	160	160	230	0.10	Na	22.989799	170	94	242
12	130	140	170	0.10	Mg	24.305000	137	255	0
13	125	125	210	0.10	Al	26.981501	210	165	165
14	110	110	170	0.10	Si	28.086000	129	154	154
15	100	100	180	0.10	P	30.973801	255	128	0
16	104	104	180	0.10	S	32.060001	255	200	50
17	99	99	178	0.10	Cl	35.452999	32	240	32
18	190	190	190	0.10	Ar	39.939999	129	209	228
19	213	213	280	0.10	K	39.102001	143	65	211
20	174	174	210	0.10	Ca	40.080002	61	255	0
21	160	160	210	0.10	Sc	44.955898	230	230	228
22	140	140	210	0.10	Ti	47.900002	192	195	198
23	135	135	210	0.10	V	50.941399	167	165	172
24	140	140	210	0.10	Cr	51.995998	139	153	198
25	140	140	210	0.10	Mn	54.938000	156	123	198
26	140	140	210	0.10	Fe	55.847000	129	123	198
27	135	135	210	0.10	Co	58.933201	112	123	195
28	135	135	160	0.10	Ni	58.709999	93	123	195
29	135	135	140	0.10	Cu	63.546001	255	123	98
30	135	135	140	0.10	Zn	65.370003	124	129	175
31	130	130	190	0.10	Ga	69.720001	195	146	145
32	125	125	210	0.10	Ge	72.589996	102	146	146
33	115	115	185	0.10	As	74.921600	190	129	227
34	115	115	190	0.10	Se	78.959999	225	162	0
35	114	114	185	0.10	Br	79.903999	165	42	42
36	200	200	200	0.10	Kr	83.800003	93	186	209
37	220	220	210	0.10	Rb	85.467796	100	40	170
38	200	200	210	0.10	Sr	87.620003	0	255	0
39	185	185	210	0.10	Y	88.905899	150	253	255
40	155	155	210	0.10	Zr	91.220001	150	225	225
41	145	145	210	0.10	Nb	92.906403	116	195	203
42	145	145	210	0.10	Mo	95.940002	85	181	183
43	135	135	210	0.10	Tc	98.906197	60	159	168
44	130	130	210	0.10	Ru	101.070000	35	142	151
45	135	135	210	0.10	Rh	102.905502	11	124	140
46	140	140	160	0.10	Pd	106.400002	0	105	134
47	160	160	170	0.10	Ag	107.867996	153	198	255
48	155	155	160	0.10	Cd	112.400002	255	216	145
49	155	155	190	0.10	In	114.820000	167	118	115
50	145	220	220	0.10	Sn	118.690002	102	129	129
51	145	145	210	0.10	Sb	121.750000	159	101	181
52	140	140	206	0.10	Te	127.599998	213	123	0
53	140	140	196	0.10	I	126.904503	147	0	147
54	253	253	216	0.10	Xe	131.300003	66	159	176
55	260	260	210	0.10	Cs	132.905502	87	25	143
56	200	200	210	0.10	Ba	137.339996	0	203	0
57	175	175	210	0.10	La	138.905502	112	222	255
58	155	155	210	0.10	Ce	140.119995	255	255	200
59	155	155	210	0.10	Pr	140.907700	227	255	200
60	155	155	210	0.10	Nd	144.240005	199	255	200
61	155	155	210	0.10	Pm	145.000000	171	255	200
62	155	155	210	0.10	Sm	150.399994	143	255	200
63	155	155	210	0.10	Eu	151.960007	115	255	200
64	155	155	210	0.10	Gd	157.250000	87	255	200
65	155	155	210	0.10	Tb	158.925400	59	255	200
66	155	155	210	0.10	Dy	162.500000	31	255	183
67	155	155	210	0.10	Ho	164.930298	0	255	166
68	155	155	210	0.10	Er	167.259995	0	231	149
69	155	155	210	0.10	Tm	168.934204	0	207	132
70	155	155	210	0.10	Yb	173.039993	0	183	115
71	155	155	210	0.10	Lu	174.970001	0	159	98
72	155	155	210	0.10	Hf	178.490005	77	194	255
73	145	145	210	0.10	Ta	180.947906	77	167	255
74	135	135	210	0.10	W	183.850006	39	148	214
75	135	135	210	0.10	Re	186.199997	39	126	172
76	130	130	210	0.10	Os	190.199997	39	104	151
77	135	135	210	0.10	Ir	192.220001	24	85	135
78	135	135	175	0.10	Pt	195.089996	24	91	145
79	135	135	170	0.10	Au	196.966507	255	209	36
80	150	150	150	0.10	Hg	200.589996	181	181	195
81	190	190	200	0.10	Tl	204.369995	167	85	77
82	180	180	210	0.10	Pb	207.199997	87	90	96
83	160	160	210	0.10	Bi	208.980606	159	79	181
84	155	155	210	0.10	Po	209.000000	172	93	0
85	155	155	210	0.10	At	210.000000	118	79	69
86	155	155	210	0.10	Rn	222.000000	66	132	151
87	280	280	350	0.10	Fr	223.000000	66	0	102
88	144	144	350	0.10	Ra	226.025406	0	124	0
89	195	195	350	0.10	Ac	227.000000	113	170	252
90	155	155	210	0.10	Th	232.038101	0	187	255
91	155	155	210	0.10	Pa	231.035904	0	171	255
92	155	155	210	0.10	U	238.029007	0	155	230
93	155	155	210	0.10	Np	237.048203	0	139	230
94	155	155	210	0.10	Pu	239.000000	0	123	230
95	155	155	210	0.10	Am	241.000000	87	107	210
96	155	155	210	0.10	Cm	242.000000	101	91	210
97	155	155	210	0.10	Bk	247.000000	115	75	210
98	155	155	210	0.10	Cf	251.000000	129	59	150
99	38	38	117	0.10	Hb	1.008000	143	43	150
100	15	38	117	0.10	LP	1.000000	157	27	130
101	38	38	117	0.10	HB	1.008000	171	27	120
102	155	155	210	0.10	No	255.000000	185	11	110
103	155	155	210	0.10	Lr	256.000000	199	0	100
104	0.1	0.1	0.1	0.01	Q	0.000000	100	100	100
-1	1	1	1	1	1	1		1	1	1
