\SET MONI OFF
\DISK
EXTEND FREE = 50
END
\GOODIES
DATRED  
CONT    NREFMES      =12000
CONT    NREFMERG     =2346
CONT    RMERGE     =3.2
CONT    NREFFRIED    =4612
CONT    RMERGFRIED   =2.8

CONDITIONS 
CONT    MINSIZE      =    .12
CONT    MEDSIZE      =     .25
CONT    MAXSIZE      =    1.15
CONT    NORIENT      =     25
CONT    THORIENTMIN     =    12.3
CONT    THORIENTMAX     =    27.8
CONT    TEMPERATURE  =     297
CONT    STANDARDS    =     25
CONT    DECAY        =     1.15
CONT    SCANMODE    = 2THETA/OME 

ABSORPTION  
CONT    ANALMIN    =     .87
CONT    ANALMAX    =     1.43
CONT    THETAMIN   =     .64
CONT    THETAMAX   =     .65
CONT    EMPMIN     =     .58
CONT    EMPMAX     =     1.87
CONT    DIFABSMIN  =     .6
CONT    DIFABSMAX  =     1.456

REFINEMENT 
CONT    R           =     2.5
CONT    RW          =     2.6
CONT    NPARAM      =     276
CONT    S           =     1.001
CONT    DELRHOMIN   =     -.15
CONT    DELRHOMAX   =     .17
CONT    RMSSHIFT    =     .001
CONT    NREFUSED   =3215
CONT    FMINFUNC    =     341542
CONT    RESTMINFUNC =     123
CONT    COEFFICIENT = F**2 

GENERAL
CONT    DOBS=     0.00000
CONT    DCALC =     0.00000

INDEXRANGE  
CONT    HMIN       =     0
CONT    HMAX       =     15
CONT    KMIN       =     0
CONT    KMAX       =     17
CONT    LMIN       =     -6
CONT    LMAX       =     6
CONT    THETAMIN   =     0
CONT    THETAMAX   =     72.5

COLOUR   BRick red

SHAPE   CUBIC RHOMBOID
END  
\LIST 28
END
\PURGE
\TITLE TRANS- 1,4 - DIMETHYLCYCLOHEXANE. AT -90 C. 
\LIST 1 
REAL 6.094 5.512 11.762 90 76.12 
\SPACE
SYM P 21/C
END
\LIST 3 
READ 2 
SCAT C 0 0 2.13 20.8439 1.02 10.2075 1.5886 .5687 .865 51.6512 .2156 
SCAT H 0 0 .493002 10.5109 .322912 26.1257 .140191 3.14236 .04081 
CONT 57.7997 .003038 
\LIST 29
READ NELEM=2
ELEM C .77 1.78 .6 4 8.4 12.001
ELEM H .32 1.33 .6 8 .1 1.008
END
\LIST 4 
END 
\ WEISSENBERG DIFFRACTOMETER. 
\LIST 13 
DIF EQUI 
COND 1.5418 
AXIS 1 0 0 
END 
\LIST 23 
\  NOTE THAT THE EXTINCTION PARAMETER HAS A DEFAULT OF 0.0 
\  AND SO HAS NO EFFECT UNTIL REFINED 
MODIFY EXTINCTION=YES 
\ 
\ PUNCHED ON 14-MAY81 AT 10:38:01 
\ 
\LIST      6 
READ NCOEFFICIENT =     4, TYPE = COMPRESSED, UNIT = DATAFILE 
INPUT  H  K  L  /FO/ 
MULTIPLIERS  1.0  1.0  1.0        1.463694930 
END 
0 0 2 85 3 61 4 29 5 136 512 1 0 1 928 2 24 3 239 4 96 512 2 0 0 53 1 520 2 75 3 
72 4 274 512 3 0 1 226 2 374 3 173 4 15 5 117 512 4 0 0 26 1 101 2 193 3 169 4 
12 5 53 512 5 0 1 21 2 87 3 6 4 10 512 6 0 0 60 1 36 2 60 3 14 512 
1 1 -5 69 -4 46 -3 66 -2 304 -1 512 0 951 1 776 2 39 3 60 4 179 5 164 512 2 1 -5 
76 -4 95 -3 24 -2 483 -1 604 0 25 1 269 2 400 3 130 4 238 5 8 512 3 1 -5 85 -4 
58 -3 40 -2 108 -1 253 0 20 1 67 2 231 3 329 4 109 5 76 512 4 1 -5 136 -4 14 -3 
12 -1 146 0 227 1 57 2 64 3 37 4 19 5 32 512 5 1 -4 45 -3 19 -2 34 -1 96 0 148 1 
29 2 145 3 33 4 18 5 42 512 6 1 -2 51 -1 30 0 15 1 125 2 15 3 16 512 
0 2 -5 151 -4 14 -3 219 -2 157 -1 270 0 781 1 814 2 751 512 1 2 -5 142 -4 11 -3 
183 -2 414 -1 110 0 589 1 772 2 171 3 219 4 59 512 2 2 -5 68 -4 54 -3 89 -2 519 
-1 274 0 32 1 16 2 357 3 72 4 204 5 163 512 3 2 -5 45 -4 159 -3 61 -2 11 -1 458 
0 65 1 100 2 155 3 75 4 309 5 10 512 4 2 -5 40 -4 9 -3 110 -2 52 -1 124 0 180 1 
25 2 63 3 265 4 31 5 40 512 5 2 -4 31 -3 50 -2 12 -1 59 0 244 1 118 2 88 3 72 4 
10 512 6 2 -2 72 -1 91 0 16 1 84 2 21 3 7 512 
1 3 -5 172 -4 93 -3 31 -2 295 -1 463 0 53 1 172 2 377 3 340 4 47 512 2 3 -5 44 
-4 178 -3 78 -2 55 -1 309 0 62 1 99 2 79 3 103 4 342 5 142 512 3 3 -5 14 -4 56 
-3 172 -2 180 -1 260 0 241 1 111 2 43 3 128 4 53 5 66 512 4 3 -5 62 -4 24 -3 164 
-2 24 -1 29 0 305 1 110 2 37 3 100 4 62 5 55 512 5 3 -4 93 -3 20 -2 10 -1 43 1 
170 2 62 3 70 4 14 5 15 512 6 3 -2 34 -1 79 0 35 1 85 2 94 3 20 512 
0 4 -5 264 -4 58 -3 77 -2 14 -1 141 0 999 1 100 2 560 3 672 4 52 5 13 512 1 4 -5 
71 -4 178 -3 85 -2 103 -1 415 0 262 1 106 2 391 3 185 4 150 5 45 512 2 4 -5 26 
-4 106 -2 142 -1 535 0 50 1 125 2 68 3 82 4 197 512 3 4 -5 5 -4 34 -2 296 -1 12 
0 145 1 43 2 46 3 70 4 216 5 131 512 4 4 -5 18 -4 23 -3 145 -2 154 -1 16 0 130 1 
7 2 11 3 24 4 34 5 108 512 5 4 -3 148 -2 47 -1 21 0 119 1 132 2 60 3 17 4 14 5 
14 512 6 4 -1 68 0 31 1 109 2 63 512 
1 5 -5 67 -4 10 -3 179 -2 163 -1 384 0 364 1 130 2 231 3 293 4 156 512 2 5 -5 45 
-4 105 -3 71 -2 338 -1 342 0 50 1 83 2 20 4 117 5 96 512 3 5 -5 21 -4 21 -3 61 
-2 227 -1 17 0 59 1 69 2 41 3 112 4 86 5 112 512 4 5 -4 24 -3 158 -2 145 -1 33 0 
24 1 106 2 163 3 122 4 24 5 23 512 5 5 -3 91 -2 29 -1 8 0 83 1 75 2 94 3 76 512 
6 5 -1 12 0 25 1 62 512 
0 6 -5 49 -4 42 -3 450 -2 159 -1 10 0 532 1 314 2 202 3 225 4 85 5 42 512 1 6 -5 
34 -4 180 -3 45 -2 288 -1 210 0 386 1 163 2 26 3 93 4 125 5 17 512 2 6 -5 28 -4 
73 -3 22 -2 187 -1 98 0 43 1 195 2 54 4 126 5 84 512 3 6 -5 29 -4 19 -3 17 -2 
177 -1 252 0 51 1 21 2 81 3 98 4 81 5 63 512 4 6 -4 10 -3 32 -2 135 -1 60 0 127 
1 19 2 42 3 61 4 28 5 38 512 5 6 -3 44 -2 62 -1 9 0 28 1 19 2 130 3 169 4 39 512 
6 6 0 18 1 49 512 
1 7 -5 8 -4 81 -3 212 -2 327 -1 37 0 224 1 80 2 211 3 75 4 7 5 7 512 2 7 -5 36 
-4 94 -3 33 -2 148 -1 318 0 33 1 134 2 35 3 34 4 59 5 12 512 3 7 -4 38 -3 26 -2 
21 -1 63 0 199 1 74 2 93 3 42 4 90 5 23 512 4 7 -3 66 -2 80 0 48 1 7 2 79 3 242 
4 61 512 5 7 -2 16 -1 38 0 49 1 57 2 101 4 55 512 
0 8 -5 69 -4 24 -3 224 -2 306 -1 44 0 34 1 89 2 317 3 350 4 24 5 41 512 1 8 -5 
11 -4 11 -3 106 -2 237 -1 53 0 7 1 84 2 273 3 45 4 32 5 5 512 2 8 -4 35 -3 29 -2 
118 -1 181 0 20 1 194 2 168 3 33 4 43 5 25 512 3 8 -4 86 -3 47 -2 53 -1 105 0 18 
1 162 2 13 3 67 4 111 5 19 512 4 8 -3 11 -2 9 -1 23 0 199 1 67 2 23 3 24 4 31 5 
12 512 5 8 -1 23 1 51 2 42 512 
1 9 -4 30 -3 21 -2 101 -1 88 0 71 1 18 2 284 3 228 4 76 5 10 512 2 9 -4 35 -3 24 
-2 14 -1 43 0 12 1 237 2 191 3 11 4 81 5 29 512 3 9 -3 44 -2 80 -1 43 0 145 1 92 
2 8 3 11 4 25 5 12 512 4 9 -2 86 0 34 1 14 2 68 3 41 4 47 5 10 512 5 9 0 29 1 34 
2 12 512 
0 10 -3 155 -2 43 -1 70 0 124 2 105 3 317 4 75 5 13 512 1 10 -3 13 -2 35 -1 53 0 
144 1 94 2 166 3 64 4 94 5 6 512 2 10 -3 8 -2 50 -1 62 0 12 1 66 2 112 3 21 4 28 
5 11 512 3 10 -2 65 -1 37 0 35 1 151 2 159 3 10 4 22 5 6 512 4 10 -1 6 0 37 1 55 
2 79 3 45 4 7 512 
1 11 -3 105 -2 107 -1 38 0 77 1 120 2 21 3 103 4 19 512 2 11 -2 30 -1 37 0 26 1 
105 2 171 4 60 512 3 11 -1 10 0 34 1 26 2 105 3 62 512 4 11 0 22 1 12 2 62 3 85 
512 
0 12 -2 153 -1 8 0 115 1 73 2 41 3 13 4 15 512 1 12 -2 72 -1 18 0 13 1 72 2 12 3 
18 4 49 512 2 12 -1 30 0 7 1 128 2 116 3 19 4 35 512 3 12 0 26 1 32 2 94 3 20 
512 
1 13 0 14 1 54 2 92 3 31 4 24 512 2 13 2 5 3 18 512 
0 14 2 8 3 53 512 1 14 1 25 2 42 3 49 -512 
\ 
\ PUNCHED ON 14-MAY81 AT 10:38:11 
\ 
\LIST      5 
READ NATOM =     12, NLAYER =    0, NELEMENT =    0, NBATCH =    0 
OVERALL     21.614765   0.050000   0.050000     EXTPARAM =        78.7200928 
ATOM C       1.000000   1.000000   0.000000  -0.227045   0.085092   0.066342 
CONTINUE     0.046728   0.039656   0.042338   0.003825  -0.000589  -0.004215 
ATOM C       2.000000   1.000000   0.000000  -0.133448   0.147490  -0.063166 
CONTINUE     0.055190   0.047142   0.044897   0.006188  -0.004768   0.001867 
ATOM C       3.000000   1.000000   0.000000   0.035691  -0.042796  -0.125136 
CONTINUE     0.058759   0.053738   0.037632   0.001974  -0.002982   0.000782 
ATOM C       7.000000   1.000000   0.000000  -0.390969   0.281495   0.127377 
CONTINUE     0.056748   0.049852   0.060714  -0.000733   0.005279   0.002243 
ATOM H      11.000000   1.000000   0.040772  -0.323728  -0.074517   0.068889 
CONTINUE     0.000000   0.000000   0.000000   0.000000   0.000000   0.000000 
ATOM H      21.000000   1.000000   0.051026  -0.043582   0.302698  -0.065375 
CONTINUE     0.000000   0.000000   0.000000   0.000000   0.000000   0.000000 
ATOM H      22.000000   1.000000   0.078253  -0.258207   0.189268  -0.105489 
CONTINUE     0.000000   0.000000   0.000000   0.000000   0.000000   0.000000 
ATOM H      31.000000   1.000000   0.051099  -0.055482  -0.211626  -0.124210 
CONTINUE     0.000000   0.000000   0.000000   0.000000   0.000000   0.000000 
ATOM H      32.000000   1.000000   0.071408   0.097502   0.000804  -0.206926 
CONTINUE     0.000000   0.000000   0.000000   0.000000   0.000000   0.000000 
ATOM H      71.000000   1.000000   0.082269  -0.288919   0.426858   0.128565 
CONTINUE     0.000000   0.000000   0.000000   0.000000   0.000000   0.000000 
ATOM H      72.000000   1.000000   0.082269  -0.521962   0.328422   0.084547 
CONTINUE     0.000000   0.000000   0.000000   0.000000   0.000000   0.000000 
ATOM H      73.000000   1.000000   0.082269  -0.449482   0.239848   0.205914 
CONTINUE     0.000000   0.000000   0.000000   0.000000   0.000000   0.000000 
END 
\SET MONI ON
\
\SFLS 
SCALE 
END 
\USE last
\END
